(array([[64.98824 , 66.53016 , 67.01708 , 70.58784 , 70.99361 , 72.53552 ,
         73.1036  , 74.07744 , 74.402054, 75.29475 , 75.5382  , 76.268585,
         76.43089 , 76.83666 , 77.64819 , 78.540886, 78.62204 , 79.35242 ,
         79.514725, 79.67703 , 79.75819 , 79.75819 , 79.920494, 80.73203 ,
         80.89433 , 81.137794, 81.137794, 81.21895 , 81.3001  , 81.3001  ,
         81.62472 , 81.62472 , 81.787025, 81.86818 , 82.03049 , 82.11164 ,
         82.3551  , 82.67971 , 82.67971 , 82.84202 , 83.004326, 83.08548 ,
         83.16663 , 83.32894 , 83.65356 , 83.73471 , 83.815865, 84.38394 ,
         84.38394 , 84.95201 , 85.033165, 85.033165, 85.11432 , 85.19547 ,
         85.76355 , 85.8447  , 85.8447  , 85.92586 , 86.33162 , 86.81854 ,
         86.8997  , 87.062004, 87.14316 , 87.305466, 87.305466, 87.46777 ,
         87.54893 , 87.54893 , 87.711235, 87.9547  , 88.117   , 88.117   ,
         88.279305, 88.76623 , 88.76623 , 88.928535, 89.00969 , 89.00969 ,
         89.00969 , 89.65892 , 89.98353 , 89.98353 , 90.145836, 90.30814 ,
         90.30814 , 90.47045 , 90.47045 , 90.47045 , 90.551605, 90.551605,
         90.63276 , 90.71391 , 91.03853 , 91.11968 , 91.11968 , 91.11968 ,
         91.28199 , 91.363144, 91.4443  , 91.606606]], dtype=float32),
 array([[2894901, 2251970,  212615, 1132654,  610819,  695215, 1148345,
          275967, 2868581, 2504661,  438214, 1194677,  953918,  593043,
          800494, 1136003, 2205646,  558776, 2085793, 1684414, 1375860,
          563552, 1044407,  125996, 2670895,  426289, 2146542, 2871246,
           74553, 2289052,  221298,  801803, 2887715, 1437036, 1780532,
         1974890,  291477, 2131575,  675378, 2726821, 1950124, 1501766,
          894449, 1449876,  783814, 2689709,  261805,  126300,  186276,
         1422336, 1726344,  856515, 2363078,  270748, 1818856, 2374728,
         2211407,  369203, 1190645, 1072036,  374308, 1047594, 1005167,
           51625, 1100125, 2260070, 2441492,  698323, 2911629, 2705338,
          468827, 2419304, 2506559,  101080,  866376, 1372275, 1957997,
         2827329, 2500811,  985567,  416349, 1893833, 1727577,   55683,
         1344698, 1088276,  289416,  212409,   29240,  885886, 1528022,
         1370512,  809034, 2110685,  123863, 1011174,  639283, 2428966,
         2145945, 1887114]]))

===== After load index =====

(array([[64.98824 , 66.53016 , 67.01708 , 70.58784 , 70.99361 , 72.53552 ,
         73.1036  , 74.07744 , 74.402054, 75.29475 , 75.5382  , 76.268585,
         76.43089 , 76.83666 , 77.64819 , 78.540886, 78.62204 , 79.35242 ,
         79.514725, 79.67703 , 79.75819 , 79.75819 , 79.920494, 80.73203 ,
         80.89433 , 81.137794, 81.137794, 81.21895 , 81.3001  , 81.3001  ,
         81.62472 , 81.62472 , 81.787025, 81.86818 , 82.03049 , 82.11164 ,
         82.3551  , 82.67971 , 82.67971 , 82.84202 , 83.004326, 83.08548 ,
         83.16663 , 83.32894 , 83.65356 , 83.73471 , 83.815865, 84.38394 ,
         84.38394 , 84.95201 , 85.033165, 85.033165, 85.11432 , 85.19547 ,
         85.76355 , 85.8447  , 85.8447  , 85.92586 , 86.33162 , 86.81854 ,
         86.8997  , 87.062004, 87.14316 , 87.305466, 87.305466, 87.46777 ,
         87.54893 , 87.54893 , 87.711235, 87.9547  , 88.117   , 88.117   ,
         88.279305, 88.76623 , 88.76623 , 88.928535, 89.00969 , 89.00969 ,
         89.00969 , 89.65892 , 89.98353 , 89.98353 , 90.145836, 90.30814 ,
         90.30814 , 90.47045 , 90.47045 , 90.47045 , 90.551605, 90.551605,
         90.63276 , 90.71391 , 91.03853 , 91.11968 , 91.11968 , 91.11968 ,
         91.28199 , 91.363144, 91.4443  , 91.606606]], dtype=float32),
 array([[2894901, 2251970,  212615, 1132654,  610819,  695215, 1148345,
          275967, 2868581, 2504661,  438214, 1194677,  953918,  593043,
          800494, 1136003, 2205646,  558776, 2085793, 1684414, 1375860,
          563552, 1044407,  125996, 2670895,  426289, 2146542, 2871246,
           74553, 2289052,  221298,  801803, 2887715, 1437036, 1780532,
         1974890,  291477, 2131575,  675378, 2726821, 1950124, 1501766,
          894449, 1449876,  783814, 2689709,  261805,  126300,  186276,
         1422336, 1726344,  856515, 2363078,  270748, 1818856, 2374728,
         2211407,  369203, 1190645, 1072036,  374308, 1047594, 1005167,
           51625, 1100125, 2260070, 2441492,  698323, 2911629, 2705338,
          468827, 2419304, 2506559,  101080,  866376, 1372275, 1957997,
         2827329, 2500811,  985567,  416349, 1893833, 1727577,   55683,
         1344698, 1088276,  289416,  212409,   29240,  885886, 1528022,
         1370512,  809034, 2110685,  123863, 1011174,  639283, 2428966,
         2145945, 1887114]]))